Caminho 1:
0,0
1,2
0,4
2,3
0,2
1,0
3,1
4,3
2,4
0,3
1,1
3,0
2,2
1,4
3,3
4,1
2,0
0,1
1,3
3,4
4,2
2,1
4,0
3,2
4,4
Colisoes: 310

Caminho 2:
0,0
1,2
0,4
2,3
0,2
1,0
3,1
4,3
2,4
0,3
1,1
3,0
4,2
3,4
1,3
0,1
2,0
4,1
2,2
1,4
3,3
2,1
4,0
3,2
4,4
Colisoes: 335

Caminho 3:
0,0
1,2
0,4
2,3
0,2
1,0
3,1
4,3
2,4
0,3
1,1
3,0
4,2
3,4
2,2
1,4
3,3
4,1
2,0
0,1
1,3
2,1
4,0
3,2
4,4
Colisoes: 320

Caminho 4:
0,0
1,2
0,4
2,3
0,2
1,4
2,2
1,0
3,1
4,3
2,4
0,3
1,1
3,0
4,2
3,4
1,3
0,1
2,0
4,1
3,3
2,1
4,0
3,2
4,4
Colisoes: 338

Caminho 5:
0,0
1,2
0,4
2,3
0,2
1,4
3,3
4,1
2,0
0,1
1,3
3,4
2,2
1,0
3,1
4,3
2,4
0,3
1,1
3,0
4,2
2,1
4,0
3,2
4,4
Colisoes: 310

Caminho 6:
0,0
1,2
0,4
2,3
0,2
1,4
3,3
4,1
2,0
0,1
2,2
1,0
3,1
4,3
2,4
0,3
1,1
3,0
4,2
3,4
1,3
2,1
4,0
3,2
4,4
Colisoes: 324

Caminho 7:
0,0
1,2
0,4
2,3
1,1
0,3
2,4
4,3
3,1
1,0
0,2
1,4
2,2
3,0
4,2
3,4
1,3
0,1
2,0
4,1
3,3
2,1
4,0
3,2
4,4
Colisoes: 312

Caminho 8:
0,0
1,2
0,4
2,3
1,1
0,3
2,4
4,3
3,1
1,0
0,2
1,4
3,3
4,1
2,0
0,1
1,3
3,4
2,2
3,0
4,2
2,1
4,0
3,2
4,4
Colisoes: 284

Caminho 9:
0,0
1,2
0,4
2,3
1,1
0,3
2,4
4,3
3,1
1,0
0,2
1,4
3,3
4,1
2,0
0,1
2,2
3,0
4,2
3,4
1,3
2,1
4,0
3,2
4,4
Colisoes: 298

Caminho 10:
0,0
1,2
0,4
2,3
1,1
0,3
2,4
4,3
3,1
1,0
2,2
3,0
4,2
3,4
1,3
0,1
2,0
4,1
3,3
1,4
0,2
2,1
4,0
3,2
4,4
Colisoes: 327

Caminho 11:
0,0
1,2
0,4
2,3
1,1
3,0
2,2
0,3
2,4
4,3
3,1
1,0
0,2
1,4
3,3
4,1
2,0
0,1
1,3
3,4
4,2
2,1
4,0
3,2
4,4
Colisoes: 287

Caminho 12:
0,0
1,2
0,4
2,3
1,1
3,0
4,2
3,4
1,3
0,1
2,0
4,1
2,2
0,3
2,4
4,3
3,1
1,0
0,2
1,4
3,3
2,1
4,0
3,2
4,4
Colisoes: 312

Caminho 13:
0,0
1,2
0,4
2,3
1,1
3,0
4,2
3,4
1,3
0,1
2,0
4,1
3,3
1,4
2,2
0,3
2,4
4,3
3,1
1,0
0,2
2,1
4,0
3,2
4,4
Colisoes: 325

Caminho 14:
0,0
1,2
0,4
2,3
1,1
3,0
4,2
3,4
2,2
0,3
2,4
4,3
3,1
1,0
0,2
1,4
3,3
4,1
2,0
0,1
1,3
2,1
4,0
3,2
4,4
Colisoes: 297

Caminho 15:
0,0
1,2
0,4
2,3
3,1
1,0
0,2
1,4
2,2
4,3
2,4
0,3
1,1
3,0
4,2
3,4
1,3
0,1
2,0
4,1
3,3
2,1
4,0
3,2
4,4
Colisoes: 324

Caminho 16:
0,0
1,2
0,4
2,3
3,1
1,0
0,2
1,4
3,3
4,1
2,0
0,1
1,3
3,4
2,2
4,3
2,4
0,3
1,1
3,0
4,2
2,1
4,0
3,2
4,4
Colisoes: 296

Caminho 17:
0,0
1,2
0,4
2,3
3,1
1,0
0,2
1,4
3,3
4,1
2,0
0,1
2,2
4,3
2,4
0,3
1,1
3,0
4,2
3,4
1,3
2,1
4,0
3,2
4,4
Colisoes: 310

Caminho 18:
0,0
1,2
0,4
2,3
3,1
1,0
2,2
4,3
2,4
0,3
1,1
3,0
4,2
3,4
1,3
0,1
2,0
4,1
3,3
1,4
0,2
2,1
4,0
3,2
4,4
Colisoes: 339

Caminho 19:
0,0
1,2
0,4
2,3
3,1
4,3
2,4
0,3
1,1
3,0
2,2
1,0
0,2
1,4
3,3
4,1
2,0
0,1
1,3
3,4
4,2
2,1
4,0
3,2
4,4
Colisoes: 301

Caminho 20:
0,0
1,2
0,4
2,3
3,1
4,3
2,4
0,3
1,1
3,0
4,2
3,4
1,3
0,1
2,0
4,1
2,2
1,0
0,2
1,4
3,3
2,1
4,0
3,2
4,4
Colisoes: 326

Caminho 21:
0,0
1,2
0,4
2,3
3,1
4,3
2,4
0,3
1,1
3,0
4,2
3,4
1,3
0,1
2,0
4,1
3,3
1,4
2,2
1,0
0,2
2,1
4,0
3,2
4,4
Colisoes: 339

Caminho 22:
0,0
1,2
0,4
2,3
3,1
4,3
2,4
0,3
1,1
3,0
4,2
3,4
2,2
1,0
0,2
1,4
3,3
4,1
2,0
0,1
1,3
2,1
4,0
3,2
4,4
Colisoes: 311

Caminho 23:
0,0
1,2
0,4
2,3
4,2
3,0
1,1
0,3
2,4
4,3
3,1
1,0
0,2
1,4
2,2
3,4
1,3
0,1
2,0
4,1
3,3
2,1
4,0
3,2
4,4
Colisoes: 299

Caminho 24:
0,0
1,2
0,4
2,3
4,2
3,0
1,1
0,3
2,4
4,3
3,1
1,0
0,2
1,4
3,3
4,1
2,0
0,1
2,2
3,4
1,3
2,1
4,0
3,2
4,4
Colisoes: 285

Caminho 25:
0,0
1,2
0,4
2,3
4,2
3,0
1,1
0,3
2,4
4,3
3,1
1,0
2,2
3,4
1,3
0,1
2,0
4,1
3,3
1,4
0,2
2,1
4,0
3,2
4,4
Colisoes: 314

Caminho 26:
0,0
1,2
0,4
2,3
4,2
3,4
1,3
0,1
2,0
4,1
2,2
3,0
1,1
0,3
2,4
4,3
3,1
1,0
0,2
1,4
3,3
2,1
4,0
3,2
4,4
Colisoes: 301

Caminho 27:
0,0
1,2
0,4
2,3
4,2
3,4
1,3
0,1
2,0
4,1
3,3
1,4
2,2
3,0
1,1
0,3
2,4
4,3
3,1
1,0
0,2
2,1
4,0
3,2
4,4
Colisoes: 314

Caminho 28:
0,0
1,2
0,4
2,3
4,2
3,4
2,2
3,0
1,1
0,3
2,4
4,3
3,1
1,0
0,2
1,4
3,3
4,1
2,0
0,1
1,3
2,1
4,0
3,2
4,4
Colisoes: 286

Caminho 29:
0,0
1,2
0,4
2,3
4,4
3,2
1,1
0,3
2,4
4,3
3,1
1,0
0,2
1,4
2,2
3,0
4,2
3,4
1,3
0,1
2,0
4,1
3,3
2,1
4,0
Colisoes: 308

Caminho 30:
0,0
1,2
0,4
2,3
4,4
3,2
1,1
0,3
2,4
4,3
3,1
1,0
0,2
1,4
3,3
4,1
2,0
0,1
1,3
3,4
2,2
3,0
4,2
2,1
4,0
Colisoes: 280

Caminho 31:
0,0
1,2
0,4
2,3
4,4
3,2
1,1
0,3
2,4
4,3
3,1
1,0
0,2
1,4
3,3
4,1
2,0
0,1
2,2
3,0
4,2
3,4
1,3
2,1
4,0
Colisoes: 294

Caminho 32:
0,0
1,2
0,4
2,3
4,4
3,2
1,1
0,3
2,4
4,3
3,1
1,0
2,2
3,0
4,2
3,4
1,3
0,1
2,0
4,1
3,3
1,4
0,2
2,1
4,0
Colisoes: 323

Caminho 33:
0,0
1,2
0,4
2,3
4,4
3,2
1,1
3,0
2,2
0,3
2,4
4,3
3,1
1,0
0,2
1,4
3,3
4,1
2,0
0,1
1,3
3,4
4,2
2,1
4,0
Colisoes: 283

Caminho 34:
0,0
1,2
0,4
2,3
4,4
3,2
1,1
3,0
4,2
3,4
1,3
0,1
2,0
4,1
2,2
0,3
2,4
4,3
3,1
1,0
0,2
1,4
3,3
2,1
4,0
Colisoes: 308

Caminho 35:
0,0
1,2
0,4
2,3
4,4
3,2
1,1
3,0
4,2
3,4
1,3
0,1
2,0
4,1
3,3
1,4
2,2
0,3
2,4
4,3
3,1
1,0
0,2
2,1
4,0
Colisoes: 321

Caminho 36:
0,0
1,2
0,4
2,3
4,4
3,2
1,1
3,0
4,2
3,4
2,2
0,3
2,4
4,3
3,1
1,0
0,2
1,4
3,3
4,1
2,0
0,1
1,3
2,1
4,0
Colisoes: 293

Caminho 37:
0,0
1,2
0,4
2,3
4,4
3,2
1,3
0,1
2,0
4,1
2,2
3,4
4,2
3,0
1,1
0,3
2,4
4,3
3,1
1,0
0,2
1,4
3,3
2,1
4,0
Colisoes: 286

Caminho 38:
0,0
1,2
0,4
2,3
4,4
3,2
1,3
0,1
2,0
4,1
3,3
1,4
0,2
1,0
3,1
4,3
2,4
0,3
1,1
3,0
2,2
3,4
4,2
2,1
4,0
Colisoes: 333

Caminho 39:
0,0
1,2
0,4
2,3
4,4
3,2
1,3
0,1
2,0
4,1
3,3
1,4
2,2
3,4
4,2
3,0
1,1
0,3
2,4
4,3
3,1
1,0
0,2
2,1
4,0
Colisoes: 299

Caminho 40:
0,0
1,2
0,4
2,3
4,4
3,2
1,3
3,4
2,2
0,1
2,0
4,1
3,3
1,4
0,2
1,0
3,1
4,3
2,4
0,3
1,1
3,0
4,2
2,1
4,0
Colisoes: 332

Caminho 41:
0,0
1,2
0,4
2,3
4,4
3,2
1,3
3,4
4,2
3,0
1,1
0,3
2,4
4,3
3,1
1,0
0,2
1,4
2,2
0,1
2,0
4,1
3,3
2,1
4,0
Colisoes: 288

Caminho 42:
0,0
1,2
0,4
2,3
4,4
3,2
1,3
3,4
4,2
3,0
1,1
0,3
2,4
4,3
3,1
1,0
2,2
0,1
2,0
4,1
3,3
1,4
0,2
2,1
4,0
Colisoes: 303

Caminho 43:
0,0
1,2
0,4
2,3
4,4
3,2
2,0
0,1
1,3
3,4
2,2
4,1
3,3
1,4
0,2
1,0
3,1
4,3
2,4
0,3
1,1
3,0
4,2
2,1
4,0
Colisoes: 322

Caminho 44:
0,0
1,2
0,4
2,3
4,4
3,2
2,0
0,1
1,3
3,4
4,2
3,0
1,1
0,3
2,4
4,3
3,1
1,0
0,2
1,4
2,2
4,1
3,3
2,1
4,0
Colisoes: 278

Caminho 45:
0,0
1,2
0,4
2,3
4,4
3,2
2,0
0,1
1,3
3,4
4,2
3,0
1,1
0,3
2,4
4,3
3,1
1,0
2,2
4,1
3,3
1,4
0,2
2,1
4,0
Colisoes: 293

Caminho 46:
0,0
1,2
0,4
2,3
4,4
3,2
2,0
0,1
2,2
4,1
3,3
1,4
0,2
1,0
3,1
4,3
2,4
0,3
1,1
3,0
4,2
3,4
1,3
2,1
4,0
Colisoes: 336

Caminho 47:
0,0
1,2
0,4
2,3
4,4
3,2
2,0
4,1
2,2
0,1
1,3
3,4
4,2
3,0
1,1
0,3
2,4
4,3
3,1
1,0
0,2
1,4
3,3
2,1
4,0
Colisoes: 281

Caminho 48:
0,0
1,2
0,4
2,3
4,4
3,2
2,0
4,1
3,3
1,4
0,2
1,0
3,1
4,3
2,4
0,3
1,1
3,0
2,2
0,1
1,3
3,4
4,2
2,1
4,0
Colisoes: 328

Caminho 49:
0,0
1,2
0,4
2,3
4,4
3,2
2,0
4,1
3,3
1,4
0,2
1,0
3,1
4,3
2,4
0,3
1,1
3,0
4,2
3,4
2,2
0,1
1,3
2,1
4,0
Colisoes: 338

Caminho 50:
0,0
1,2
0,4
2,3
4,4
3,2
2,0
4,1
3,3
1,4
2,2
0,1
1,3
3,4
4,2
3,0
1,1
0,3
2,4
4,3
3,1
1,0
0,2
2,1
4,0
Colisoes: 294

Caminho 51:
0,0
1,2
0,4
2,3
4,4
3,2
2,4
0,3
1,1
3,0
2,2
4,3
3,1
1,0
0,2
1,4
3,3
4,1
2,0
0,1
1,3
3,4
4,2
2,1
4,0
Colisoes: 287

Caminho 52:
0,0
1,2
0,4
2,3
4,4
3,2
2,4
0,3
1,1
3,0
4,2
3,4
1,3
0,1
2,0
4,1
2,2
4,3
3,1
1,0
0,2
1,4
3,3
2,1
4,0
Colisoes: 312

Caminho 53:
0,0
1,2
0,4
2,3
4,4
3,2
2,4
0,3
1,1
3,0
4,2
3,4
1,3
0,1
2,0
4,1
3,3
1,4
2,2
4,3
3,1
1,0
0,2
2,1
4,0
Colisoes: 325

Caminho 54:
0,0
1,2
0,4
2,3
4,4
3,2
2,4
0,3
1,1
3,0
4,2
3,4
2,2
4,3
3,1
1,0
0,2
1,4
3,3
4,1
2,0
0,1
1,3
2,1
4,0
Colisoes: 297

Caminho 55:
0,0
1,2
0,4
2,3
4,4
3,2
2,4
4,3
3,1
1,0
0,2
1,4
2,2
0,3
1,1
3,0
4,2
3,4
1,3
0,1
2,0
4,1
3,3
2,1
4,0
Colisoes: 314

Caminho 56:
0,0
1,2
0,4
2,3
4,4
3,2
2,4
4,3
3,1
1,0
0,2
1,4
3,3
4,1
2,0
0,1
1,3
3,4
2,2
0,3
1,1
3,0
4,2
2,1
4,0
Colisoes: 286

Caminho 57:
0,0
1,2
0,4
2,3
4,4
3,2
2,4
4,3
3,1
1,0
0,2
1,4
3,3
4,1
2,0
0,1
2,2
0,3
1,1
3,0
4,2
3,4
1,3
2,1
4,0
Colisoes: 300

Caminho 58:
0,0
1,2
0,4
2,3
4,4
3,2
2,4
4,3
3,1
1,0
2,2
0,3
1,1
3,0
4,2
3,4
1,3
0,1
2,0
4,1
3,3
1,4
0,2
2,1
4,0
Colisoes: 329

Caminho 59:
0,0
1,2
0,4
2,3
4,4
3,2
4,0
2,1
0,2
1,0
2,2
1,4
3,3
4,1
2,0
0,1
1,3
3,4
4,2
3,0
1,1
0,3
2,4
4,3
3,1
Colisoes: 268

Caminho 60:
0,0
1,2
0,4
2,3
4,4
3,2
4,0
2,1
0,2
1,0
3,1
4,3
2,2
1,4
3,3
4,1
2,0
0,1
1,3
3,4
4,2
3,0
1,1
0,3
2,4
Colisoes: 276

Caminho 61:
0,0
1,2
0,4
2,3
4,4
3,2
4,0
2,1
0,2
1,0
3,1
4,3
2,4
0,3
1,1
3,0
2,2
1,4
3,3
4,1
2,0
0,1
1,3
3,4
4,2
Colisoes: 295

Caminho 62:
0,0
1,2
0,4
2,3
4,4
3,2
4,0
2,1
0,2
1,0
3,1
4,3
2,4
0,3
1,1
3,0
4,2
3,4
1,3
0,1
2,0
4,1
2,2
1,4
3,3
Colisoes: 320

Caminho 63:
0,0
1,2
0,4
2,3
4,4
3,2
4,0
2,1
0,2
1,0
3,1
4,3
2,4
0,3
1,1
3,0
4,2
3,4
1,3
0,1
2,0
4,1
3,3
1,4
2,2
Colisoes: 324

Caminho 64:
0,0
1,2
0,4
2,3
4,4
3,2
4,0
2,1
0,2
1,0
3,1
4,3
2,4
0,3
1,1
3,0
4,2
3,4
1,3
0,1
2,2
1,4
3,3
4,1
2,0
Colisoes: 315

Caminho 65:
0,0
1,2
0,4
2,3
4,4
3,2
4,0
2,1
0,2
1,0
3,1
4,3
2,4
0,3
1,1
3,0
4,2
3,4
2,2
1,4
3,3
4,1
2,0
0,1
1,3
Colisoes: 301

Caminho 66:
0,0
1,2
0,4
2,3
4,4
3,2
4,0
2,1
0,2
1,0
3,1
4,3
2,4
0,3
2,2
1,4
3,3
4,1
2,0
0,1
1,3
3,4
4,2
3,0
1,1
Colisoes: 287

Caminho 67:
0,0
1,2
0,4
2,3
4,4
3,2
4,0
2,1
0,2
1,4
2,2
1,0
3,1
4,3
2,4
0,3
1,1
3,0
4,2
3,4
1,3
0,1
2,0
4,1
3,3
Colisoes: 323

Caminho 68:
0,0
1,2
0,4
2,3
4,4
3,2
4,0
2,1
0,2
1,4
3,3
4,1
2,0
0,1
1,3
3,4
2,2
1,0
3,1
4,3
2,4
0,3
1,1
3,0
4,2
Colisoes: 295

Caminho 69:
0,0
1,2
0,4
2,3
4,4
3,2
4,0
2,1
0,2
1,4
3,3
4,1
2,0
0,1
1,3
3,4
4,2
3,0
1,1
0,3
2,2
1,0
3,1
4,3
2,4
Colisoes: 280

Caminho 70:
0,0
1,2
0,4
2,3
4,4
3,2
4,0
2,1
0,2
1,4
3,3
4,1
2,0
0,1
1,3
3,4
4,2
3,0
1,1
0,3
2,4
4,3
2,2
1,0
3,1
Colisoes: 268

Caminho 71:
0,0
1,2
0,4
2,3
4,4
3,2
4,0
2,1
0,2
1,4
3,3
4,1
2,0
0,1
1,3
3,4
4,2
3,0
1,1
0,3
2,4
4,3
3,1
1,0
2,2
Colisoes: 259

Caminho 72:
0,0
1,2
0,4
2,3
4,4
3,2
4,0
2,1
0,2
1,4
3,3
4,1
2,0
0,1
1,3
3,4
4,2
3,0
2,2
1,0
3,1
4,3
2,4
0,3
1,1
Colisoes: 288

Caminho 73:
0,0
1,2
0,4
2,3
4,4
3,2
4,0
2,1
0,2
1,4
3,3
4,1
2,0
0,1
2,2
1,0
3,1
4,3
2,4
0,3
1,1
3,0
4,2
3,4
1,3
Colisoes: 305

Caminho 74:
0,0
1,2
0,4
2,3
4,4
3,2
4,0
2,1
0,2
1,4
3,3
4,1
2,2
1,0
3,1
4,3
2,4
0,3
1,1
3,0
4,2
3,4
1,3
0,1
2,0
Colisoes: 314

Caminho 75:
0,0
1,2
0,4
2,3
4,4
3,2
4,0
2,1
1,3
0,1
2,0
4,1
2,2
3,4
4,2
3,0
1,1
0,3
2,4
4,3
3,1
1,0
0,2
1,4
3,3
Colisoes: 277

Caminho 76:
0,0
1,2
0,4
2,3
4,4
3,2
4,0
2,1
1,3
0,1
2,0
4,1
3,3
1,4
0,2
1,0
2,2
3,4
4,2
3,0
1,1
0,3
2,4
4,3
3,1
Colisoes: 297

Caminho 77:
0,0
1,2
0,4
2,3
4,4
3,2
4,0
2,1
1,3
0,1
2,0
4,1
3,3
1,4
0,2
1,0
3,1
4,3
2,2
3,4
4,2
3,0
1,1
0,3
2,4
Colisoes: 305

Caminho 78:
0,0
1,2
0,4
2,3
4,4
3,2
4,0
2,1
1,3
0,1
2,0
4,1
3,3
1,4
0,2
1,0
3,1
4,3
2,4
0,3
1,1
3,0
2,2
3,4
4,2
Colisoes: 324

Caminho 79:
0,0
1,2
0,4
2,3
4,4
3,2
4,0
2,1
1,3
0,1
2,0
4,1
3,3
1,4
0,2
1,0
3,1
4,3
2,4
0,3
1,1
3,0
4,2
3,4
2,2
Colisoes: 325

Caminho 80:
0,0
1,2
0,4
2,3
4,4
3,2
4,0
2,1
1,3
0,1
2,0
4,1
3,3
1,4
0,2
1,0
3,1
4,3
2,4
0,3
2,2
3,4
4,2
3,0
1,1
Colisoes: 316

Caminho 81:
0,0
1,2
0,4
2,3
4,4
3,2
4,0
2,1
1,3
0,1
2,0
4,1
3,3
1,4
2,2
3,4
4,2
3,0
1,1
0,3
2,4
4,3
3,1
1,0
0,2
Colisoes: 288

Caminho 82:
0,0
1,2
0,4
2,3
4,4
3,2
4,0
2,1
1,3
0,1
2,2
3,4
4,2
3,0
1,1
0,3
2,4
4,3
3,1
1,0
0,2
1,4
3,3
4,1
2,0
Colisoes: 272

Caminho 83:
0,0
1,2
0,4
2,3
4,4
3,2
4,0
2,1
1,3
3,4
2,2
0,1
2,0
4,1
3,3
1,4
0,2
1,0
3,1
4,3
2,4
0,3
1,1
3,0
4,2
Colisoes: 323

Caminho 84:
0,0
1,2
0,4
2,3
4,4
3,2
4,0
2,1
1,3
3,4
4,2
3,0
1,1
0,3
2,2
0,1
2,0
4,1
3,3
1,4
0,2
1,0
3,1
4,3
2,4
Colisoes: 308

Caminho 85:
0,0
1,2
0,4
2,3
4,4
3,2
4,0
2,1
1,3
3,4
4,2
3,0
1,1
0,3
2,4
4,3
2,2
0,1
2,0
4,1
3,3
1,4
0,2
1,0
3,1
Colisoes: 296

Caminho 86:
0,0
1,2
0,4
2,3
4,4
3,2
4,0
2,1
1,3
3,4
4,2
3,0
1,1
0,3
2,4
4,3
3,1
1,0
0,2
1,4
2,2
0,1
2,0
4,1
3,3
Colisoes: 279

Caminho 87:
0,0
1,2
0,4
2,3
4,4
3,2
4,0
2,1
1,3
3,4
4,2
3,0
1,1
0,3
2,4
4,3
3,1
1,0
0,2
1,4
3,3
4,1
2,0
0,1
2,2
Colisoes: 259

Caminho 88:
0,0
1,2
0,4
2,3
4,4
3,2
4,0
2,1
1,3
3,4
4,2
3,0
1,1
0,3
2,4
4,3
3,1
1,0
0,2
1,4
3,3
4,1
2,2
0,1
2,0
Colisoes: 270

Caminho 89:
0,0
1,2
0,4
2,3
4,4
3,2
4,0
2,1
1,3
3,4
4,2
3,0
1,1
0,3
2,4
4,3
3,1
1,0
2,2
0,1
2,0
4,1
3,3
1,4
0,2
Colisoes: 292

Caminho 90:
0,0
1,2
0,4
2,3
4,4
3,2
4,0
2,1
1,3
3,4
4,2
3,0
2,2
0,1
2,0
4,1
3,3
1,4
0,2
1,0
3,1
4,3
2,4
0,3
1,1
Colisoes: 316

Caminho 91:
0,0
1,2
0,4
2,3
4,4
3,2
4,0
2,1
3,3
1,4
0,2
1,0
2,2
4,1
2,0
0,1
1,3
3,4
4,2
3,0
1,1
0,3
2,4
4,3
3,1
Colisoes: 279

Caminho 92:
0,0
1,2
0,4
2,3
4,4
3,2
4,0
2,1
3,3
1,4
0,2
1,0
3,1
4,3
2,2
4,1
2,0
0,1
1,3
3,4
4,2
3,0
1,1
0,3
2,4
Colisoes: 287

Caminho 93:
0,0
1,2
0,4
2,3
4,4
3,2
4,0
2,1
3,3
1,4
0,2
1,0
3,1
4,3
2,4
0,3
1,1
3,0
2,2
4,1
2,0
0,1
1,3
3,4
4,2
Colisoes: 306

Caminho 94:
0,0
1,2
0,4
2,3
4,4
3,2
4,0
2,1
3,3
1,4
0,2
1,0
3,1
4,3
2,4
0,3
1,1
3,0
4,2
3,4
1,3
0,1
2,0
4,1
2,2
Colisoes: 325

Caminho 95:
0,0
1,2
0,4
2,3
4,4
3,2
4,0
2,1
3,3
1,4
0,2
1,0
3,1
4,3
2,4
0,3
1,1
3,0
4,2
3,4
1,3
0,1
2,2
4,1
2,0
Colisoes: 326

Caminho 96:
0,0
1,2
0,4
2,3
4,4
3,2
4,0
2,1
3,3
1,4
0,2
1,0
3,1
4,3
2,4
0,3
1,1
3,0
4,2
3,4
2,2
4,1
2,0
0,1
1,3
Colisoes: 312

Caminho 97:
0,0
1,2
0,4
2,3
4,4
3,2
4,0
2,1
3,3
1,4
0,2
1,0
3,1
4,3
2,4
0,3
2,2
4,1
2,0
0,1
1,3
3,4
4,2
3,0
1,1
Colisoes: 298

Caminho 98:
0,0
1,2
0,4
2,3
4,4
3,2
4,0
2,1
3,3
1,4
2,2
4,1
2,0
0,1
1,3
3,4
4,2
3,0
1,1
0,3
2,4
4,3
3,1
1,0
0,2
Colisoes: 270

Caminho 99:
0,0
1,2
0,4
2,3
4,4
3,2
4,0
2,1
3,3
4,1
2,0
0,1
1,3
3,4
2,2
1,4
0,2
1,0
3,1
4,3
2,4
0,3
1,1
3,0
4,2
Colisoes: 303

Caminho 100:
0,0
1,2
0,4
2,3
4,4
3,2
4,0
2,1
3,3
4,1
2,0
0,1
1,3
3,4
4,2
3,0
1,1
0,3
2,2
1,4
0,2
1,0
3,1
4,3
2,4
Colisoes: 288

Caminho 101:
0,0
1,2
0,4
2,3
4,4
3,2
4,0
2,1
3,3
4,1
2,0
0,1
1,3
3,4
4,2
3,0
1,1
0,3
2,4
4,3
2,2
1,4
0,2
1,0
3,1
Colisoes: 276

Caminho 102:
0,0
1,2
0,4
2,3
4,4
3,2
4,0
2,1
3,3
4,1
2,0
0,1
1,3
3,4
4,2
3,0
1,1
0,3
2,4
4,3
3,1
1,0
0,2
1,4
2,2
Colisoes: 258

Caminho 103:
0,0
1,2
0,4
2,3
4,4
3,2
4,0
2,1
3,3
4,1
2,0
0,1
1,3
3,4
4,2
3,0
1,1
0,3
2,4
4,3
3,1
1,0
2,2
1,4
0,2
Colisoes: 272

Caminho 104:
0,0
1,2
0,4
2,3
4,4
3,2
4,0
2,1
3,3
4,1
2,0
0,1
1,3
3,4
4,2
3,0
2,2
1,4
0,2
1,0
3,1
4,3
2,4
0,3
1,1
Colisoes: 296

Caminho 105:
0,0
1,2
0,4
2,3
4,4
3,2
4,0
2,1
3,3
4,1
2,0
0,1
2,2
1,4
0,2
1,0
3,1
4,3
2,4
0,3
1,1
3,0
4,2
3,4
1,3
Colisoes: 313

Caminho 106:
0,0
1,2
0,4
2,3
4,4
3,2
4,0
2,1
3,3
4,1
2,2
1,4
0,2
1,0
3,1
4,3
2,4
0,3
1,1
3,0
4,2
3,4
1,3
0,1
2,0
Colisoes: 322

Caminho 107:
0,0
1,2
0,4
2,3
4,4
3,2
4,0
2,1
4,2
3,0
1,1
0,3
2,2
3,4
1,3
0,1
2,0
4,1
3,3
1,4
0,2
1,0
3,1
4,3
2,4
Colisoes: 316

Caminho 108:
0,0
1,2
0,4
2,3
4,4
3,2
4,0
2,1
4,2
3,0
1,1
0,3
2,4
4,3
2,2
3,4
1,3
0,1
2,0
4,1
3,3
1,4
0,2
1,0
3,1
Colisoes: 304

Caminho 109:
0,0
1,2
0,4
2,3
4,4
3,2
4,0
2,1
4,2
3,0
1,1
0,3
2,4
4,3
3,1
1,0
0,2
1,4
2,2
3,4
1,3
0,1
2,0
4,1
3,3
Colisoes: 287

Caminho 110:
0,0
1,2
0,4
2,3
4,4
3,2
4,0
2,1
4,2
3,0
1,1
0,3
2,4
4,3
3,1
1,0
0,2
1,4
3,3
4,1
2,0
0,1
1,3
3,4
2,2
Colisoes: 258

Caminho 111:
0,0
1,2
0,4
2,3
4,4
3,2
4,0
2,1
4,2
3,0
1,1
0,3
2,4
4,3
3,1
1,0
0,2
1,4
3,3
4,1
2,0
0,1
2,2
3,4
1,3
Colisoes: 269

Caminho 112:
0,0
1,2
0,4
2,3
4,4
3,2
4,0
2,1
4,2
3,0
1,1
0,3
2,4
4,3
3,1
1,0
0,2
1,4
3,3
4,1
2,2
3,4
1,3
0,1
2,0
Colisoes: 278

Caminho 113:
0,0
1,2
0,4
2,3
4,4
3,2
4,0
2,1
4,2
3,0
1,1
0,3
2,4
4,3
3,1
1,0
2,2
3,4
1,3
0,1
2,0
4,1
3,3
1,4
0,2
Colisoes: 300

Caminho 114:
0,0
1,2
0,4
2,3
4,4
3,2
4,0
2,1
4,2
3,0
2,2
3,4
1,3
0,1
2,0
4,1
3,3
1,4
0,2
1,0
3,1
4,3
2,4
0,3
1,1
Colisoes: 324

Caminho 115:
0,0
1,2
0,4
2,3
4,4
3,2
4,0
2,1
4,2
3,4
1,3
0,1
2,0
4,1
2,2
3,0
1,1
0,3
2,4
4,3
3,1
1,0
0,2
1,4
3,3
Colisoes: 289

Caminho 116:
0,0
1,2
0,4
2,3
4,4
3,2
4,0
2,1
4,2
3,4
1,3
0,1
2,0
4,1
3,3
1,4
0,2
1,0
2,2
3,0
1,1
0,3
2,4
4,3
3,1
Colisoes: 309

Caminho 117:
0,0
1,2
0,4
2,3
4,4
3,2
4,0
2,1
4,2
3,4
1,3
0,1
2,0
4,1
3,3
1,4
0,2
1,0
3,1
4,3
2,2
3,0
1,1
0,3
2,4
Colisoes: 317

Caminho 118:
0,0
1,2
0,4
2,3
4,4
3,2
4,0
2,1
4,2
3,4
1,3
0,1
2,0
4,1
3,3
1,4
0,2
1,0
3,1
4,3
2,4
0,3
1,1
3,0
2,2
Colisoes: 328

Caminho 119:
0,0
1,2
0,4
2,3
4,4
3,2
4,0
2,1
4,2
3,4
1,3
0,1
2,0
4,1
3,3
1,4
0,2
1,0
3,1
4,3
2,4
0,3
2,2
3,0
1,1
Colisoes: 328

Caminho 120:
0,0
1,2
0,4
2,3
4,4
3,2
4,0
2,1
4,2
3,4
1,3
0,1
2,0
4,1
3,3
1,4
2,2
3,0
1,1
0,3
2,4
4,3
3,1
1,0
0,2
Colisoes: 300

Caminho 121:
0,0
1,2
0,4
2,3
4,4
3,2
4,0
2,1
4,2
3,4
1,3
0,1
2,2
3,0
1,1
0,3
2,4
4,3
3,1
1,0
0,2
1,4
3,3
4,1
2,0
Colisoes: 284

Caminho 122:
0,0
1,2
0,4
2,3
4,4
3,2
4,0
2,1
4,2
3,4
2,2
3,0
1,1
0,3
2,4
4,3
3,1
1,0
0,2
1,4
3,3
4,1
2,0
0,1
1,3
Colisoes: 270

Caminho 123:
0,0
1,2
2,0
0,1
1,3
3,4
2,2
4,1
3,3
1,4
0,2
1,0
3,1
4,3
2,4
0,3
1,1
3,0
4,2
2,1
4,0
3,2
4,4
2,3
0,4
Colisoes: 329

Caminho 124:
0,0
1,2
2,0
0,1
1,3
3,4
4,2
3,0
1,1
0,3
2,4
4,3
3,1
1,0
0,2
1,4
2,2
4,1
3,3
2,1
4,0
3,2
4,4
2,3
0,4
Colisoes: 285

Caminho 125:
0,0
1,2
2,0
0,1
1,3
3,4
4,2
3,0
1,1
0,3
2,4
4,3
3,1
1,0
2,2
4,1
3,3
1,4
0,2
2,1
4,0
3,2
4,4
2,3
0,4
Colisoes: 300

Caminho 126:
0,0
1,2
2,0
0,1
2,2
4,1
3,3
1,4
0,2
1,0
3,1
4,3
2,4
0,3
1,1
3,0
4,2
3,4
1,3
2,1
4,0
3,2
4,4
2,3
0,4
Colisoes: 343

Caminho 127:
0,0
1,2
2,0
4,1
2,2
0,1
1,3
3,4
4,2
3,0
1,1
0,3
2,4
4,3
3,1
1,0
0,2
1,4
3,3
2,1
4,0
3,2
4,4
2,3
0,4
Colisoes: 288

Caminho 128:
0,0
1,2
2,0
4,1
3,3
1,4
0,2
1,0
3,1
4,3
2,4
0,3
1,1
3,0
2,2
0,1
1,3
3,4
4,2
2,1
4,0
3,2
4,4
2,3
0,4
Colisoes: 335

Caminho 129:
0,0
1,2
2,0
4,1
3,3
1,4
0,2
1,0
3,1
4,3
2,4
0,3
1,1
3,0
4,2
3,4
2,2
0,1
1,3
2,1
4,0
3,2
4,4
2,3
0,4
Colisoes: 345

Caminho 130:
0,0
1,2
2,0
4,1
3,3
1,4
2,2
0,1
1,3
3,4
4,2
3,0
1,1
0,3
2,4
4,3
3,1
1,0
0,2
2,1
4,0
3,2
4,4
2,3
0,4
Colisoes: 301

Caminho 131:
0,0
1,2
2,4
0,3
1,1
3,0
2,2
4,3
3,1
1,0
0,2
1,4
3,3
4,1
2,0
0,1
1,3
3,4
4,2
2,1
4,0
3,2
4,4
2,3
0,4
Colisoes: 293

Caminho 132:
0,0
1,2
2,4
0,3
1,1
3,0
4,2
3,4
1,3
0,1
2,0
4,1
2,2
4,3
3,1
1,0
0,2
1,4
3,3
2,1
4,0
3,2
4,4
2,3
0,4
Colisoes: 318

Caminho 133:
0,0
1,2
2,4
0,3
1,1
3,0
4,2
3,4
1,3
0,1
2,0
4,1
3,3
1,4
2,2
4,3
3,1
1,0
0,2
2,1
4,0
3,2
4,4
2,3
0,4
Colisoes: 331

Caminho 134:
0,0
1,2
2,4
0,3
1,1
3,0
4,2
3,4
2,2
4,3
3,1
1,0
0,2
1,4
3,3
4,1
2,0
0,1
1,3
2,1
4,0
3,2
4,4
2,3
0,4
Colisoes: 303

Caminho 135:
0,0
1,2
2,4
4,3
3,1
1,0
0,2
1,4
2,2
0,3
1,1
3,0
4,2
3,4
1,3
0,1
2,0
4,1
3,3
2,1
4,0
3,2
4,4
2,3
0,4
Colisoes: 320

Caminho 136:
0,0
1,2
2,4
4,3
3,1
1,0
0,2
1,4
3,3
4,1
2,0
0,1
1,3
3,4
2,2
0,3
1,1
3,0
4,2
2,1
4,0
3,2
4,4
2,3
0,4
Colisoes: 292

Caminho 137:
0,0
1,2
2,4
4,3
3,1
1,0
0,2
1,4
3,3
4,1
2,0
0,1
2,2
0,3
1,1
3,0
4,2
3,4
1,3
2,1
4,0
3,2
4,4
2,3
0,4
Colisoes: 306

Caminho 138:
0,0
1,2
2,4
4,3
3,1
1,0
2,2
0,3
1,1
3,0
4,2
3,4
1,3
0,1
2,0
4,1
3,3
1,4
0,2
2,1
4,0
3,2
4,4
2,3
0,4
Colisoes: 335

Caminho 139:
0,0
1,2
3,1
1,0
0,2
1,4
2,2
4,3
2,4
0,3
1,1
3,0
4,2
3,4
1,3
0,1
2,0
4,1
3,3
2,1
4,0
3,2
4,4
2,3
0,4
Colisoes: 329

Caminho 140:
0,0
1,2
3,1
1,0
0,2
1,4
3,3
4,1
2,0
0,1
1,3
3,4
2,2
4,3
2,4
0,3
1,1
3,0
4,2
2,1
4,0
3,2
4,4
2,3
0,4
Colisoes: 301

Caminho 141:
0,0
1,2
3,1
1,0
0,2
1,4
3,3
4,1
2,0
0,1
2,2
4,3
2,4
0,3
1,1
3,0
4,2
3,4
1,3
2,1
4,0
3,2
4,4
2,3
0,4
Colisoes: 315

Caminho 142:
0,0
1,2
3,1
1,0
2,2
4,3
2,4
0,3
1,1
3,0
4,2
3,4
1,3
0,1
2,0
4,1
3,3
1,4
0,2
2,1
4,0
3,2
4,4
2,3
0,4
Colisoes: 344

Caminho 143:
0,0
1,2
3,1
4,3
2,4
0,3
1,1
3,0
2,2
1,0
0,2
1,4
3,3
4,1
2,0
0,1
1,3
3,4
4,2
2,1
4,0
3,2
4,4
2,3
0,4
Colisoes: 306

Caminho 144:
0,0
1,2
3,1
4,3
2,4
0,3
1,1
3,0
4,2
3,4
1,3
0,1
2,0
4,1
2,2
1,0
0,2
1,4
3,3
2,1
4,0
3,2
4,4
2,3
0,4
Colisoes: 331

Caminho 145:
0,0
1,2
3,1
4,3
2,4
0,3
1,1
3,0
4,2
3,4
1,3
0,1
2,0
4,1
3,3
1,4
2,2
1,0
0,2
2,1
4,0
3,2
4,4
2,3
0,4
Colisoes: 344

Caminho 146:
0,0
1,2
3,1
4,3
2,4
0,3
1,1
3,0
4,2
3,4
2,2
1,0
0,2
1,4
3,3
4,1
2,0
0,1
1,3
2,1
4,0
3,2
4,4
2,3
0,4
Colisoes: 316

Caminho 147:
0,0
1,2
3,3
1,4
0,2
1,0
3,1
4,3
2,4
0,3
1,1
3,0
2,2
4,1
2,0
0,1
1,3
3,4
4,2
2,1
4,0
3,2
4,4
2,3
0,4
Colisoes: 320

Caminho 148:
0,0
1,2
3,3
1,4
0,2
1,0
3,1
4,3
2,4
0,3
1,1
3,0
4,2
3,4
2,2
4,1
2,0
0,1
1,3
2,1
4,0
3,2
4,4
2,3
0,4
Colisoes: 330

Caminho 149:
0,0
1,2
3,3
1,4
2,2
4,1
2,0
0,1
1,3
3,4
4,2
3,0
1,1
0,3
2,4
4,3
3,1
1,0
0,2
2,1
4,0
3,2
4,4
2,3
0,4
Colisoes: 286

Caminho 150:
0,0
1,2
3,3
4,1
2,0
0,1
1,3
3,4
2,2
1,4
0,2
1,0
3,1
4,3
2,4
0,3
1,1
3,0
4,2
2,1
4,0
3,2
4,4
2,3
0,4
Colisoes: 317

Caminho 151:
0,0
1,2
3,3
4,1
2,0
0,1
1,3
3,4
4,2
3,0
1,1
0,3
2,4
4,3
3,1
1,0
2,2
1,4
0,2
2,1
4,0
3,2
4,4
2,3
0,4
Colisoes: 288

Caminho 152:
0,0
1,2
3,3
4,1
2,0
0,1
2,2
1,4
0,2
1,0
3,1
4,3
2,4
0,3
1,1
3,0
4,2
3,4
1,3
2,1
4,0
3,2
4,4
2,3
0,4
Colisoes: 331

Caminho 153:
0,0
2,1
0,2
1,0
2,2
1,4
3,3
4,1
2,0
0,1
1,3
3,4
4,2
3,0
1,1
0,3
2,4
4,3
3,1
1,2
0,4
2,3
4,4
3,2
4,0
Colisoes: 278

Caminho 154:
0,0
2,1
0,2
1,0
3,1
4,3
2,2
1,4
3,3
4,1
2,0
0,1
1,3
3,4
4,2
3,0
1,1
0,3
2,4
1,2
0,4
2,3
4,4
3,2
4,0
Colisoes: 288

Caminho 155:
0,0
2,1
0,2
1,0
3,1
4,3
2,4
0,3
1,1
3,0
4,2
3,4
1,3
0,1
2,0
4,1
2,2
1,4
3,3
1,2
0,4
2,3
4,4
3,2
4,0
Colisoes: 330

Caminho 156:
0,0
2,1
0,2
1,0
3,1
4,3
2,4
0,3
1,1
3,0
4,2
3,4
1,3
0,1
2,2
1,4
3,3
4,1
2,0
1,2
0,4
2,3
4,4
3,2
4,0
Colisoes: 322

Caminho 157:
0,0
2,1
0,2
1,4
2,2
1,0
3,1
4,3
2,4
0,3
1,1
3,0
4,2
3,4
1,3
0,1
2,0
4,1
3,3
1,2
0,4
2,3
4,4
3,2
4,0
Colisoes: 333

Caminho 158:
0,0
2,1
0,2
1,4
3,3
4,1
2,0
0,1
1,3
3,4
4,2
3,0
1,1
0,3
2,2
1,0
3,1
4,3
2,4
1,2
0,4
2,3
4,4
3,2
4,0
Colisoes: 292

Caminho 159:
0,0
2,1
0,2
1,4
3,3
4,1
2,0
0,1
1,3
3,4
4,2
3,0
1,1
0,3
2,4
4,3
2,2
1,0
3,1
1,2
0,4
2,3
4,4
3,2
4,0
Colisoes: 278

Caminho 160:
0,0
2,1
0,2
1,4
3,3
4,1
2,2
1,0
3,1
4,3
2,4
0,3
1,1
3,0
4,2
3,4
1,3
0,1
2,0
1,2
0,4
2,3
4,4
3,2
4,0
Colisoes: 321

Caminho 161:
0,0
2,1
1,3
0,1
2,0
4,1
2,2
3,4
4,2
3,0
1,1
0,3
2,4
4,3
3,1
1,0
0,2
1,4
3,3
1,2
0,4
2,3
4,4
3,2
4,0
Colisoes: 287

Caminho 162:
0,0
2,1
1,3
0,1
2,0
4,1
3,3
1,4
0,2
1,0
2,2
3,4
4,2
3,0
1,1
0,3
2,4
4,3
3,1
1,2
0,4
2,3
4,4
3,2
4,0
Colisoes: 307

Caminho 163:
0,0
2,1
1,3
0,1
2,0
4,1
3,3
1,4
0,2
1,0
3,1
4,3
2,2
3,4
4,2
3,0
1,1
0,3
2,4
1,2
0,4
2,3
4,4
3,2
4,0
Colisoes: 317

Caminho 164:
0,0
2,1
1,3
0,1
2,2
3,4
4,2
3,0
1,1
0,3
2,4
4,3
3,1
1,0
0,2
1,4
3,3
4,1
2,0
1,2
0,4
2,3
4,4
3,2
4,0
Colisoes: 279

Caminho 165:
0,0
2,1
1,3
3,4
4,2
3,0
1,1
0,3
2,2
0,1
2,0
4,1
3,3
1,4
0,2
1,0
3,1
4,3
2,4
1,2
0,4
2,3
4,4
3,2
4,0
Colisoes: 320

Caminho 166:
0,0
2,1
1,3
3,4
4,2
3,0
1,1
0,3
2,4
4,3
2,2
0,1
2,0
4,1
3,3
1,4
0,2
1,0
3,1
1,2
0,4
2,3
4,4
3,2
4,0
Colisoes: 306

Caminho 167:
0,0
2,1
1,3
3,4
4,2
3,0
1,1
0,3
2,4
4,3
3,1
1,0
0,2
1,4
2,2
0,1
2,0
4,1
3,3
1,2
0,4
2,3
4,4
3,2
4,0
Colisoes: 289

Caminho 168:
0,0
2,1
1,3
3,4
4,2
3,0
1,1
0,3
2,4
4,3
3,1
1,0
0,2
1,4
3,3
4,1
2,2
0,1
2,0
1,2
0,4
2,3
4,4
3,2
4,0
Colisoes: 277

Caminho 169:
0,0
2,1
3,3
1,4
0,2
1,0
2,2
4,1
2,0
0,1
1,3
3,4
4,2
3,0
1,1
0,3
2,4
4,3
3,1
1,2
0,4
2,3
4,4
3,2
4,0
Colisoes: 289

Caminho 170:
0,0
2,1
3,3
1,4
0,2
1,0
3,1
4,3
2,2
4,1
2,0
0,1
1,3
3,4
4,2
3,0
1,1
0,3
2,4
1,2
0,4
2,3
4,4
3,2
4,0
Colisoes: 299

Caminho 171:
0,0
2,1
3,3
1,4
0,2
1,0
3,1
4,3
2,4
0,3
1,1
3,0
4,2
3,4
1,3
0,1
2,2
4,1
2,0
1,2
0,4
2,3
4,4
3,2
4,0
Colisoes: 333

Caminho 172:
0,0
2,1
3,3
4,1
2,0
0,1
1,3
3,4
4,2
3,0
1,1
0,3
2,2
1,4
0,2
1,0
3,1
4,3
2,4
1,2
0,4
2,3
4,4
3,2
4,0
Colisoes: 300

Caminho 173:
0,0
2,1
3,3
4,1
2,0
0,1
1,3
3,4
4,2
3,0
1,1
0,3
2,4
4,3
2,2
1,4
0,2
1,0
3,1
1,2
0,4
2,3
4,4
3,2
4,0
Colisoes: 286

Caminho 174:
0,0
2,1
3,3
4,1
2,2
1,4
0,2
1,0
3,1
4,3
2,4
0,3
1,1
3,0
4,2
3,4
1,3
0,1
2,0
1,2
0,4
2,3
4,4
3,2
4,0
Colisoes: 329

Caminho 175:
0,0
2,1
4,0
3,2
1,1
0,3
2,2
3,0
4,2
3,4
1,3
0,1
2,0
4,1
3,3
1,4
0,2
1,0
3,1
4,3
2,4
1,2
0,4
2,3
4,4
Colisoes: 346

Caminho 176:
0,0
2,1
4,0
3,2
1,1
0,3
2,4
4,3
2,2
3,0
4,2
3,4
1,3
0,1
2,0
4,1
3,3
1,4
0,2
1,0
3,1
1,2
0,4
2,3
4,4
Colisoes: 332

Caminho 177:
0,0
2,1
4,0
3,2
1,1
0,3
2,4
4,3
3,1
1,0
0,2
1,4
2,2
3,0
4,2
3,4
1,3
0,1
2,0
4,1
3,3
1,2
0,4
2,3
4,4
Colisoes: 315

Caminho 178:
0,0
2,1
4,0
3,2
1,1
0,3
2,4
4,3
3,1
1,0
0,2
1,4
3,3
4,1
2,2
3,0
4,2
3,4
1,3
0,1
2,0
1,2
0,4
2,3
4,4
Colisoes: 303

Caminho 179:
0,0
2,1
4,0
3,2
1,1
3,0
4,2
3,4
1,3
0,1
2,0
4,1
2,2
0,3
2,4
4,3
3,1
1,0
0,2
1,4
3,3
1,2
0,4
2,3
4,4
Colisoes: 315

Caminho 180:
0,0
2,1
4,0
3,2
1,1
3,0
4,2
3,4
1,3
0,1
2,0
4,1
3,3
1,4
0,2
1,0
2,2
0,3
2,4
4,3
3,1
1,2
0,4
2,3
4,4
Colisoes: 335

Caminho 181:
0,0
2,1
4,0
3,2
1,1
3,0
4,2
3,4
1,3
0,1
2,0
4,1
3,3
1,4
0,2
1,0
3,1
4,3
2,2
0,3
2,4
1,2
0,4
2,3
4,4
Colisoes: 345

Caminho 182:
0,0
2,1
4,0
3,2
1,1
3,0
4,2
3,4
1,3
0,1
2,2
0,3
2,4
4,3
3,1
1,0
0,2
1,4
3,3
4,1
2,0
1,2
0,4
2,3
4,4
Colisoes: 307

Caminho 183:
0,0
2,1
4,0
3,2
1,3
0,1
2,0
4,1
2,2
3,4
4,2
3,0
1,1
0,3
2,4
4,3
3,1
1,0
0,2
1,4
3,3
1,2
0,4
2,3
4,4
Colisoes: 293

Caminho 184:
0,0
2,1
4,0
3,2
1,3
0,1
2,0
4,1
3,3
1,4
0,2
1,0
2,2
3,4
4,2
3,0
1,1
0,3
2,4
4,3
3,1
1,2
0,4
2,3
4,4
Colisoes: 313

Caminho 185:
0,0
2,1
4,0
3,2
1,3
0,1
2,0
4,1
3,3
1,4
0,2
1,0
3,1
4,3
2,2
3,4
4,2
3,0
1,1
0,3
2,4
1,2
0,4
2,3
4,4
Colisoes: 323

Caminho 186:
0,0
2,1
4,0
3,2
1,3
0,1
2,2
3,4
4,2
3,0
1,1
0,3
2,4
4,3
3,1
1,0
0,2
1,4
3,3
4,1
2,0
1,2
0,4
2,3
4,4
Colisoes: 285

Caminho 187:
0,0
2,1
4,0
3,2
1,3
3,4
4,2
3,0
1,1
0,3
2,2
0,1
2,0
4,1
3,3
1,4
0,2
1,0
3,1
4,3
2,4
1,2
0,4
2,3
4,4
Colisoes: 326

Caminho 188:
0,0
2,1
4,0
3,2
1,3
3,4
4,2
3,0
1,1
0,3
2,4
4,3
2,2
0,1
2,0
4,1
3,3
1,4
0,2
1,0
3,1
1,2
0,4
2,3
4,4
Colisoes: 312

Caminho 189:
0,0
2,1
4,0
3,2
1,3
3,4
4,2
3,0
1,1
0,3
2,4
4,3
3,1
1,0
0,2
1,4
2,2
0,1
2,0
4,1
3,3
1,2
0,4
2,3
4,4
Colisoes: 295

Caminho 190:
0,0
2,1
4,0
3,2
1,3
3,4
4,2
3,0
1,1
0,3
2,4
4,3
3,1
1,0
0,2
1,4
3,3
4,1
2,2
0,1
2,0
1,2
0,4
2,3
4,4
Colisoes: 283

Caminho 191:
0,0
2,1
4,0
3,2
2,0
0,1
1,3
3,4
4,2
3,0
1,1
0,3
2,2
4,1
3,3
1,4
0,2
1,0
3,1
4,3
2,4
1,2
0,4
2,3
4,4
Colisoes: 316

Caminho 192:
0,0
2,1
4,0
3,2
2,0
0,1
1,3
3,4
4,2
3,0
1,1
0,3
2,4
4,3
2,2
4,1
3,3
1,4
0,2
1,0
3,1
1,2
0,4
2,3
4,4
Colisoes: 302

Caminho 193:
0,0
2,1
4,0
3,2
2,0
0,1
1,3
3,4
4,2
3,0
1,1
0,3
2,4
4,3
3,1
1,0
0,2
1,4
2,2
4,1
3,3
1,2
0,4
2,3
4,4
Colisoes: 285

Caminho 194:
0,0
2,1
4,0
3,2
2,0
4,1
2,2
0,1
1,3
3,4
4,2
3,0
1,1
0,3
2,4
4,3
3,1
1,0
0,2
1,4
3,3
1,2
0,4
2,3
4,4
Colisoes: 288

Caminho 195:
0,0
2,1
4,0
3,2
2,0
4,1
3,3
1,4
0,2
1,0
2,2
0,1
1,3
3,4
4,2
3,0
1,1
0,3
2,4
4,3
3,1
1,2
0,4
2,3
4,4
Colisoes: 308

Caminho 196:
0,0
2,1
4,0
3,2
2,0
4,1
3,3
1,4
0,2
1,0
3,1
4,3
2,2
0,1
1,3
3,4
4,2
3,0
1,1
0,3
2,4
1,2
0,4
2,3
4,4
Colisoes: 318

Caminho 197:
0,0
2,1
4,0
3,2
2,4
0,3
1,1
3,0
4,2
3,4
1,3
0,1
2,0
4,1
2,2
4,3
3,1
1,0
0,2
1,4
3,3
1,2
0,4
2,3
4,4
Colisoes: 319

Caminho 198:
0,0
2,1
4,0
3,2
2,4
0,3
1,1
3,0
4,2
3,4
1,3
0,1
2,0
4,1
3,3
1,4
0,2
1,0
2,2
4,3
3,1
1,2
0,4
2,3
4,4
Colisoes: 339

Caminho 199:
0,0
2,1
4,0
3,2
2,4
0,3
1,1
3,0
4,2
3,4
1,3
0,1
2,2
4,3
3,1
1,0
0,2
1,4
3,3
4,1
2,0
1,2
0,4
2,3
4,4
Colisoes: 311

Caminho 200:
0,0
2,1
4,0
3,2
2,4
4,3
2,2
0,3
1,1
3,0
4,2
3,4
1,3
0,1
2,0
4,1
3,3
1,4
0,2
1,0
3,1
1,2
0,4
2,3
4,4
Colisoes: 338

Caminho 201:
0,0
2,1
4,0
3,2
2,4
4,3
3,1
1,0
0,2
1,4
2,2
0,3
1,1
3,0
4,2
3,4
1,3
0,1
2,0
4,1
3,3
1,2
0,4
2,3
4,4
Colisoes: 321

Caminho 202:
0,0
2,1
4,0
3,2
2,4
4,3
3,1
1,0
0,2
1,4
3,3
4,1
2,2
0,3
1,1
3,0
4,2
3,4
1,3
0,1
2,0
1,2
0,4
2,3
4,4
Colisoes: 309

Caminho 203:
0,0
2,1
4,0
3,2
4,4
2,3
0,2
1,0
2,2
1,4
3,3
4,1
2,0
0,1
1,3
3,4
4,2
3,0
1,1
0,3
2,4
4,3
3,1
1,2
0,4
Colisoes: 288

Caminho 204:
0,0
2,1
4,0
3,2
4,4
2,3
0,2
1,0
3,1
4,3
2,2
1,4
3,3
4,1
2,0
0,1
1,3
3,4
4,2
3,0
1,1
0,3
2,4
1,2
0,4
Colisoes: 298

Caminho 205:
0,0
2,1
4,0
3,2
4,4
2,3
0,2
1,0
3,1
4,3
2,4
0,3
1,1
3,0
4,2
3,4
1,3
0,1
2,0
4,1
2,2
1,4
3,3
1,2
0,4
Colisoes: 340

Caminho 206:
0,0
2,1
4,0
3,2
4,4
2,3
0,2
1,0
3,1
4,3
2,4
0,3
1,1
3,0
4,2
3,4
1,3
0,1
2,2
1,4
3,3
4,1
2,0
1,2
0,4
Colisoes: 332

Caminho 207:
0,0
2,1
4,0
3,2
4,4
2,3
0,2
1,4
2,2
1,0
3,1
4,3
2,4
0,3
1,1
3,0
4,2
3,4
1,3
0,1
2,0
4,1
3,3
1,2
0,4
Colisoes: 343

Caminho 208:
0,0
2,1
4,0
3,2
4,4
2,3
0,2
1,4
3,3
4,1
2,0
0,1
1,3
3,4
4,2
3,0
1,1
0,3
2,2
1,0
3,1
4,3
2,4
1,2
0,4
Colisoes: 302

Caminho 209:
0,0
2,1
4,0
3,2
4,4
2,3
0,2
1,4
3,3
4,1
2,0
0,1
1,3
3,4
4,2
3,0
1,1
0,3
2,4
4,3
2,2
1,0
3,1
1,2
0,4
Colisoes: 288

Caminho 210:
0,0
2,1
4,0
3,2
4,4
2,3
0,2
1,4
3,3
4,1
2,2
1,0
3,1
4,3
2,4
0,3
1,1
3,0
4,2
3,4
1,3
0,1
2,0
1,2
0,4
Colisoes: 331

Caminho 211:
0,0
2,1
4,0
3,2
4,4
2,3
0,4
1,2
2,0
0,1
1,3
3,4
2,2
4,1
3,3
1,4
0,2
1,0
3,1
4,3
2,4
0,3
1,1
3,0
4,2
Colisoes: 328

Caminho 212:
0,0
2,1
4,0
3,2
4,4
2,3
0,4
1,2
2,0
0,1
1,3
3,4
4,2
3,0
1,1
0,3
2,2
4,1
3,3
1,4
0,2
1,0
3,1
4,3
2,4
Colisoes: 313

Caminho 213:
0,0
2,1
4,0
3,2
4,4
2,3
0,4
1,2
2,0
0,1
1,3
3,4
4,2
3,0
1,1
0,3
2,4
4,3
2,2
4,1
3,3
1,4
0,2
1,0
3,1
Colisoes: 301

Caminho 214:
0,0
2,1
4,0
3,2
4,4
2,3
0,4
1,2
2,0
0,1
1,3
3,4
4,2
3,0
1,1
0,3
2,4
4,3
3,1
1,0
0,2
1,4
2,2
4,1
3,3
Colisoes: 284

Caminho 215:
0,0
2,1
4,0
3,2
4,4
2,3
0,4
1,2
2,0
0,1
1,3
3,4
4,2
3,0
1,1
0,3
2,4
4,3
3,1
1,0
0,2
1,4
3,3
4,1
2,2
Colisoes: 273

Caminho 216:
0,0
2,1
4,0
3,2
4,4
2,3
0,4
1,2
2,0
0,1
1,3
3,4
4,2
3,0
1,1
0,3
2,4
4,3
3,1
1,0
2,2
4,1
3,3
1,4
0,2
Colisoes: 297

Caminho 217:
0,0
2,1
4,0
3,2
4,4
2,3
0,4
1,2
2,0
0,1
1,3
3,4
4,2
3,0
2,2
4,1
3,3
1,4
0,2
1,0
3,1
4,3
2,4
0,3
1,1
Colisoes: 321

Caminho 218:
0,0
2,1
4,0
3,2
4,4
2,3
0,4
1,2
2,0
0,1
2,2
4,1
3,3
1,4
0,2
1,0
3,1
4,3
2,4
0,3
1,1
3,0
4,2
3,4
1,3
Colisoes: 338

Caminho 219:
0,0
2,1
4,0
3,2
4,4
2,3
0,4
1,2
2,0
4,1
2,2
0,1
1,3
3,4
4,2
3,0
1,1
0,3
2,4
4,3
3,1
1,0
0,2
1,4
3,3
Colisoes: 287

Caminho 220:
0,0
2,1
4,0
3,2
4,4
2,3
0,4
1,2
2,0
4,1
3,3
1,4
0,2
1,0
2,2
0,1
1,3
3,4
4,2
3,0
1,1
0,3
2,4
4,3
3,1
Colisoes: 307

Caminho 221:
0,0
2,1
4,0
3,2
4,4
2,3
0,4
1,2
2,0
4,1
3,3
1,4
0,2
1,0
3,1
4,3
2,2
0,1
1,3
3,4
4,2
3,0
1,1
0,3
2,4
Colisoes: 315

Caminho 222:
0,0
2,1
4,0
3,2
4,4
2,3
0,4
1,2
2,0
4,1
3,3
1,4
0,2
1,0
3,1
4,3
2,4
0,3
1,1
3,0
2,2
0,1
1,3
3,4
4,2
Colisoes: 334

Caminho 223:
0,0
2,1
4,0
3,2
4,4
2,3
0,4
1,2
2,0
4,1
3,3
1,4
0,2
1,0
3,1
4,3
2,4
0,3
1,1
3,0
4,2
3,4
1,3
0,1
2,2
Colisoes: 344

Caminho 224:
0,0
2,1
4,0
3,2
4,4
2,3
0,4
1,2
2,0
4,1
3,3
1,4
0,2
1,0
3,1
4,3
2,4
0,3
1,1
3,0
4,2
3,4
2,2
0,1
1,3
Colisoes: 340

Caminho 225:
0,0
2,1
4,0
3,2
4,4
2,3
0,4
1,2
2,0
4,1
3,3
1,4
0,2
1,0
3,1
4,3
2,4
0,3
2,2
0,1
1,3
3,4
4,2
3,0
1,1
Colisoes: 326

Caminho 226:
0,0
2,1
4,0
3,2
4,4
2,3
0,4
1,2
2,0
4,1
3,3
1,4
2,2
0,1
1,3
3,4
4,2
3,0
1,1
0,3
2,4
4,3
3,1
1,0
0,2
Colisoes: 298

Caminho 227:
0,0
2,1
4,0
3,2
4,4
2,3
0,4
1,2
2,4
0,3
1,1
3,0
2,2
4,3
3,1
1,0
0,2
1,4
3,3
4,1
2,0
0,1
1,3
3,4
4,2
Colisoes: 292

Caminho 228:
0,0
2,1
4,0
3,2
4,4
2,3
0,4
1,2
2,4
0,3
1,1
3,0
4,2
3,4
1,3
0,1
2,0
4,1
2,2
4,3
3,1
1,0
0,2
1,4
3,3
Colisoes: 317

Caminho 229:
0,0
2,1
4,0
3,2
4,4
2,3
0,4
1,2
2,4
0,3
1,1
3,0
4,2
3,4
1,3
0,1
2,0
4,1
3,3
1,4
0,2
1,0
2,2
4,3
3,1
Colisoes: 337

Caminho 230:
0,0
2,1
4,0
3,2
4,4
2,3
0,4
1,2
2,4
0,3
1,1
3,0
4,2
3,4
1,3
0,1
2,0
4,1
3,3
1,4
0,2
1,0
3,1
4,3
2,2
Colisoes: 339

Caminho 231:
0,0
2,1
4,0
3,2
4,4
2,3
0,4
1,2
2,4
0,3
1,1
3,0
4,2
3,4
1,3
0,1
2,0
4,1
3,3
1,4
2,2
4,3
3,1
1,0
0,2
Colisoes: 328

Caminho 232:
0,0
2,1
4,0
3,2
4,4
2,3
0,4
1,2
2,4
0,3
1,1
3,0
4,2
3,4
1,3
0,1
2,2
4,3
3,1
1,0
0,2
1,4
3,3
4,1
2,0
Colisoes: 312

Caminho 233:
0,0
2,1
4,0
3,2
4,4
2,3
0,4
1,2
2,4
0,3
1,1
3,0
4,2
3,4
2,2
4,3
3,1
1,0
0,2
1,4
3,3
4,1
2,0
0,1
1,3
Colisoes: 298

Caminho 234:
0,0
2,1
4,0
3,2
4,4
2,3
0,4
1,2
2,4
0,3
2,2
4,3
3,1
1,0
0,2
1,4
3,3
4,1
2,0
0,1
1,3
3,4
4,2
3,0
1,1
Colisoes: 284

Caminho 235:
0,0
2,1
4,0
3,2
4,4
2,3
0,4
1,2
2,4
4,3
2,2
0,3
1,1
3,0
4,2
3,4
1,3
0,1
2,0
4,1
3,3
1,4
0,2
1,0
3,1
Colisoes: 336

Caminho 236:
0,0
2,1
4,0
3,2
4,4
2,3
0,4
1,2
2,4
4,3
3,1
1,0
0,2
1,4
2,2
0,3
1,1
3,0
4,2
3,4
1,3
0,1
2,0
4,1
3,3
Colisoes: 319

Caminho 237:
0,0
2,1
4,0
3,2
4,4
2,3
0,4
1,2
2,4
4,3
3,1
1,0
0,2
1,4
3,3
4,1
2,0
0,1
1,3
3,4
2,2
0,3
1,1
3,0
4,2
Colisoes: 291

Caminho 238:
0,0
2,1
4,0
3,2
4,4
2,3
0,4
1,2
2,4
4,3
3,1
1,0
0,2
1,4
3,3
4,1
2,0
0,1
1,3
3,4
4,2
3,0
1,1
0,3
2,2
Colisoes: 273

Caminho 239:
0,0
2,1
4,0
3,2
4,4
2,3
0,4
1,2
2,4
4,3
3,1
1,0
0,2
1,4
3,3
4,1
2,0
0,1
1,3
3,4
4,2
3,0
2,2
0,3
1,1
Colisoes: 284

Caminho 240:
0,0
2,1
4,0
3,2
4,4
2,3
0,4
1,2
2,4
4,3
3,1
1,0
0,2
1,4
3,3
4,1
2,0
0,1
2,2
0,3
1,1
3,0
4,2
3,4
1,3
Colisoes: 301

Caminho 241:
0,0
2,1
4,0
3,2
4,4
2,3
0,4
1,2
2,4
4,3
3,1
1,0
0,2
1,4
3,3
4,1
2,2
0,3
1,1
3,0
4,2
3,4
1,3
0,1
2,0
Colisoes: 310

Caminho 242:
0,0
2,1
4,0
3,2
4,4
2,3
0,4
1,2
2,4
4,3
3,1
1,0
2,2
0,3
1,1
3,0
4,2
3,4
1,3
0,1
2,0
4,1
3,3
1,4
0,2
Colisoes: 332

Caminho 243:
0,0
2,1
4,0
3,2
4,4
2,3
0,4
1,2
3,1
1,0
0,2
1,4
2,2
4,3
2,4
0,3
1,1
3,0
4,2
3,4
1,3
0,1
2,0
4,1
3,3
Colisoes: 328

Caminho 244:
0,0
2,1
4,0
3,2
4,4
2,3
0,4
1,2
3,1
1,0
0,2
1,4
3,3
4,1
2,0
0,1
1,3
3,4
2,2
4,3
2,4
0,3
1,1
3,0
4,2
Colisoes: 300

Caminho 245:
0,0
2,1
4,0
3,2
4,4
2,3
0,4
1,2
3,1
1,0
0,2
1,4
3,3
4,1
2,0
0,1
1,3
3,4
4,2
3,0
1,1
0,3
2,2
4,3
2,4
Colisoes: 285

Caminho 246:
0,0
2,1
4,0
3,2
4,4
2,3
0,4
1,2
3,1
1,0
0,2
1,4
3,3
4,1
2,0
0,1
1,3
3,4
4,2
3,0
1,1
0,3
2,4
4,3
2,2
Colisoes: 273

Caminho 247:
0,0
2,1
4,0
3,2
4,4
2,3
0,4
1,2
3,1
1,0
0,2
1,4
3,3
4,1
2,0
0,1
1,3
3,4
4,2
3,0
2,2
4,3
2,4
0,3
1,1
Colisoes: 293

Caminho 248:
0,0
2,1
4,0
3,2
4,4
2,3
0,4
1,2
3,1
1,0
0,2
1,4
3,3
4,1
2,0
0,1
2,2
4,3
2,4
0,3
1,1
3,0
4,2
3,4
1,3
Colisoes: 310

Caminho 249:
0,0
2,1
4,0
3,2
4,4
2,3
0,4
1,2
3,1
1,0
0,2
1,4
3,3
4,1
2,2
4,3
2,4
0,3
1,1
3,0
4,2
3,4
1,3
0,1
2,0
Colisoes: 319

Caminho 250:
0,0
2,1
4,0
3,2
4,4
2,3
0,4
1,2
3,1
1,0
2,2
4,3
2,4
0,3
1,1
3,0
4,2
3,4
1,3
0,1
2,0
4,1
3,3
1,4
0,2
Colisoes: 341

Caminho 251:
0,0
2,1
4,0
3,2
4,4
2,3
0,4
1,2
3,1
4,3
2,2
1,0
0,2
1,4
3,3
4,1
2,0
0,1
1,3
3,4
4,2
3,0
1,1
0,3
2,4
Colisoes: 286

Caminho 252:
0,0
2,1
4,0
3,2
4,4
2,3
0,4
1,2
3,1
4,3
2,4
0,3
1,1
3,0
2,2
1,0
0,2
1,4
3,3
4,1
2,0
0,1
1,3
3,4
4,2
Colisoes: 305

Caminho 253:
0,0
2,1
4,0
3,2
4,4
2,3
0,4
1,2
3,1
4,3
2,4
0,3
1,1
3,0
4,2
3,4
1,3
0,1
2,0
4,1
2,2
1,0
0,2
1,4
3,3
Colisoes: 330

Caminho 254:
0,0
2,1
4,0
3,2
4,4
2,3
0,4
1,2
3,1
4,3
2,4
0,3
1,1
3,0
4,2
3,4
1,3
0,1
2,0
4,1
3,3
1,4
0,2
1,0
2,2
Colisoes: 343

Caminho 255:
0,0
2,1
4,0
3,2
4,4
2,3
0,4
1,2
3,1
4,3
2,4
0,3
1,1
3,0
4,2
3,4
1,3
0,1
2,0
4,1
3,3
1,4
2,2
1,0
0,2
Colisoes: 341

Caminho 256:
0,0
2,1
4,0
3,2
4,4
2,3
0,4
1,2
3,1
4,3
2,4
0,3
1,1
3,0
4,2
3,4
1,3
0,1
2,2
1,0
0,2
1,4
3,3
4,1
2,0
Colisoes: 325

Caminho 257:
0,0
2,1
4,0
3,2
4,4
2,3
0,4
1,2
3,1
4,3
2,4
0,3
1,1
3,0
4,2
3,4
2,2
1,0
0,2
1,4
3,3
4,1
2,0
0,1
1,3
Colisoes: 311

Caminho 258:
0,0
2,1
4,0
3,2
4,4
2,3
0,4
1,2
3,1
4,3
2,4
0,3
2,2
1,0
0,2
1,4
3,3
4,1
2,0
0,1
1,3
3,4
4,2
3,0
1,1
Colisoes: 297

Caminho 259:
0,0
2,1
4,0
3,2
4,4
2,3
0,4
1,2
3,3
1,4
0,2
1,0
2,2
4,1
2,0
0,1
1,3
3,4
4,2
3,0
1,1
0,3
2,4
4,3
3,1
Colisoes: 292

Caminho 260:
0,0
2,1
4,0
3,2
4,4
2,3
0,4
1,2
3,3
1,4
0,2
1,0
3,1
4,3
2,2
4,1
2,0
0,1
1,3
3,4
4,2
3,0
1,1
0,3
2,4
Colisoes: 300

Caminho 261:
0,0
2,1
4,0
3,2
4,4
2,3
0,4
1,2
3,3
1,4
0,2
1,0
3,1
4,3
2,4
0,3
1,1
3,0
2,2
4,1
2,0
0,1
1,3
3,4
4,2
Colisoes: 319

Caminho 262:
0,0
2,1
4,0
3,2
4,4
2,3
0,4
1,2
3,3
1,4
0,2
1,0
3,1
4,3
2,4
0,3
1,1
3,0
4,2
3,4
1,3
0,1
2,0
4,1
2,2
Colisoes: 338

Caminho 263:
0,0
2,1
4,0
3,2
4,4
2,3
0,4
1,2
3,3
1,4
0,2
1,0
3,1
4,3
2,4
0,3
1,1
3,0
4,2
3,4
1,3
0,1
2,2
4,1
2,0
Colisoes: 339

Caminho 264:
0,0
2,1
4,0
3,2
4,4
2,3
0,4
1,2
3,3
1,4
0,2
1,0
3,1
4,3
2,4
0,3
1,1
3,0
4,2
3,4
2,2
4,1
2,0
0,1
1,3
Colisoes: 325

Caminho 265:
0,0
2,1
4,0
3,2
4,4
2,3
0,4
1,2
3,3
1,4
0,2
1,0
3,1
4,3
2,4
0,3
2,2
4,1
2,0
0,1
1,3
3,4
4,2
3,0
1,1
Colisoes: 311

Caminho 266:
0,0
2,1
4,0
3,2
4,4
2,3
0,4
1,2
3,3
1,4
2,2
4,1
2,0
0,1
1,3
3,4
4,2
3,0
1,1
0,3
2,4
4,3
3,1
1,0
0,2
Colisoes: 283

Caminho 267:
0,0
2,1
4,0
3,2
4,4
2,3
0,4
1,2
3,3
4,1
2,0
0,1
1,3
3,4
2,2
1,4
0,2
1,0
3,1
4,3
2,4
0,3
1,1
3,0
4,2
Colisoes: 316

Caminho 268:
0,0
2,1
4,0
3,2
4,4
2,3
0,4
1,2
3,3
4,1
2,0
0,1
1,3
3,4
4,2
3,0
1,1
0,3
2,2
1,4
0,2
1,0
3,1
4,3
2,4
Colisoes: 301

Caminho 269:
0,0
2,1
4,0
3,2
4,4
2,3
0,4
1,2
3,3
4,1
2,0
0,1
1,3
3,4
4,2
3,0
1,1
0,3
2,4
4,3
2,2
1,4
0,2
1,0
3,1
Colisoes: 289

Caminho 270:
0,0
2,1
4,0
3,2
4,4
2,3
0,4
1,2
3,3
4,1
2,0
0,1
1,3
3,4
4,2
3,0
1,1
0,3
2,4
4,3
3,1
1,0
0,2
1,4
2,2
Colisoes: 271

Caminho 271:
0,0
2,1
4,0
3,2
4,4
2,3
0,4
1,2
3,3
4,1
2,0
0,1
1,3
3,4
4,2
3,0
1,1
0,3
2,4
4,3
3,1
1,0
2,2
1,4
0,2
Colisoes: 285

Caminho 272:
0,0
2,1
4,0
3,2
4,4
2,3
0,4
1,2
3,3
4,1
2,0
0,1
1,3
3,4
4,2
3,0
2,2
1,4
0,2
1,0
3,1
4,3
2,4
0,3
1,1
Colisoes: 309

Caminho 273:
0,0
2,1
4,0
3,2
4,4
2,3
0,4
1,2
3,3
4,1
2,0
0,1
2,2
1,4
0,2
1,0
3,1
4,3
2,4
0,3
1,1
3,0
4,2
3,4
1,3
Colisoes: 326

Caminho 274:
0,0
2,1
4,0
3,2
4,4
2,3
0,4
1,2
3,3
4,1
2,2
1,4
0,2
1,0
3,1
4,3
2,4
0,3
1,1
3,0
4,2
3,4
1,3
0,1
2,0
Colisoes: 335

Caminho 275:
0,0
2,1
4,0
3,2
4,4
2,3
1,1
0,3
2,2
3,0
4,2
3,4
1,3
0,1
2,0
4,1
3,3
1,4
0,2
1,0
3,1
4,3
2,4
1,2
0,4
Colisoes: 348

Caminho 276:
0,0
2,1
4,0
3,2
4,4
2,3
1,1
0,3
2,4
4,3
2,2
3,0
4,2
3,4
1,3
0,1
2,0
4,1
3,3
1,4
0,2
1,0
3,1
1,2
0,4
Colisoes: 334

Caminho 277:
0,0
2,1
4,0
3,2
4,4
2,3
1,1
0,3
2,4
4,3
3,1
1,0
0,2
1,4
2,2
3,0
4,2
3,4
1,3
0,1
2,0
4,1
3,3
1,2
0,4
Colisoes: 317

Caminho 278:
0,0
2,1
4,0
3,2
4,4
2,3
1,1
0,3
2,4
4,3
3,1
1,0
0,2
1,4
3,3
4,1
2,2
3,0
4,2
3,4
1,3
0,1
2,0
1,2
0,4
Colisoes: 305

Caminho 279:
0,0
2,1
4,0
3,2
4,4
2,3
1,1
3,0
4,2
3,4
1,3
0,1
2,0
4,1
2,2
0,3
2,4
4,3
3,1
1,0
0,2
1,4
3,3
1,2
0,4
Colisoes: 317

Caminho 280:
0,0
2,1
4,0
3,2
4,4
2,3
1,1
3,0
4,2
3,4
1,3
0,1
2,0
4,1
3,3
1,4
0,2
1,0
2,2
0,3
2,4
4,3
3,1
1,2
0,4
Colisoes: 337

Caminho 281:
0,0
2,1
4,0
3,2
4,4
2,3
1,1
3,0
4,2
3,4
1,3
0,1
2,0
4,1
3,3
1,4
0,2
1,0
3,1
4,3
2,2
0,3
2,4
1,2
0,4
Colisoes: 347

Caminho 282:
0,0
2,1
4,0
3,2
4,4
2,3
1,1
3,0
4,2
3,4
1,3
0,1
2,2
0,3
2,4
4,3
3,1
1,0
0,2
1,4
3,3
4,1
2,0
1,2
0,4
Colisoes: 309

Caminho 283:
0,0
2,1
4,0
3,2
4,4
2,3
3,1
1,0
0,2
1,4
2,2
4,3
2,4
0,3
1,1
3,0
4,2
3,4
1,3
0,1
2,0
4,1
3,3
1,2
0,4
Colisoes: 329

Caminho 284:
0,0
2,1
4,0
3,2
4,4
2,3
3,1
1,0
0,2
1,4
3,3
4,1
2,0
0,1
1,3
3,4
4,2
3,0
1,1
0,3
2,2
4,3
2,4
1,2
0,4
Colisoes: 288

Caminho 285:
0,0
2,1
4,0
3,2
4,4
2,3
3,1
1,0
0,2
1,4
3,3
4,1
2,2
4,3
2,4
0,3
1,1
3,0
4,2
3,4
1,3
0,1
2,0
1,2
0,4
Colisoes: 317

Caminho 286:
0,0
2,1
4,0
3,2
4,4
2,3
3,1
4,3
2,2
1,0
0,2
1,4
3,3
4,1
2,0
0,1
1,3
3,4
4,2
3,0
1,1
0,3
2,4
1,2
0,4
Colisoes: 289

Caminho 287:
0,0
2,1
4,0
3,2
4,4
2,3
3,1
4,3
2,4
0,3
1,1
3,0
4,2
3,4
1,3
0,1
2,0
4,1
2,2
1,0
0,2
1,4
3,3
1,2
0,4
Colisoes: 331

Caminho 288:
0,0
2,1
4,0
3,2
4,4
2,3
3,1
4,3
2,4
0,3
1,1
3,0
4,2
3,4
1,3
0,1
2,2
1,0
0,2
1,4
3,3
4,1
2,0
1,2
0,4
Colisoes: 323

Caminho 289:
0,0
2,1
4,0
3,2
4,4
2,3
4,2
3,0
1,1
0,3
2,2
3,4
1,3
0,1
2,0
4,1
3,3
1,4
0,2
1,0
3,1
4,3
2,4
1,2
0,4
Colisoes: 335

Caminho 290:
0,0
2,1
4,0
3,2
4,4
2,3
4,2
3,0
1,1
0,3
2,4
4,3
2,2
3,4
1,3
0,1
2,0
4,1
3,3
1,4
0,2
1,0
3,1
1,2
0,4
Colisoes: 321

Caminho 291:
0,0
2,1
4,0
3,2
4,4
2,3
4,2
3,0
1,1
0,3
2,4
4,3
3,1
1,0
0,2
1,4
2,2
3,4
1,3
0,1
2,0
4,1
3,3
1,2
0,4
Colisoes: 304

Caminho 292:
0,0
2,1
4,0
3,2
4,4
2,3
4,2
3,0
1,1
0,3
2,4
4,3
3,1
1,0
0,2
1,4
3,3
4,1
2,2
3,4
1,3
0,1
2,0
1,2
0,4
Colisoes: 292

Caminho 293:
0,0
2,1
4,0
3,2
4,4
2,3
4,2
3,4
1,3
0,1
2,0
4,1
2,2
3,0
1,1
0,3
2,4
4,3
3,1
1,0
0,2
1,4
3,3
1,2
0,4
Colisoes: 306

Caminho 294:
0,0
2,1
4,0
3,2
4,4
2,3
4,2
3,4
1,3
0,1
2,0
4,1
3,3
1,4
0,2
1,0
2,2
3,0
1,1
0,3
2,4
4,3
3,1
1,2
0,4
Colisoes: 326

Caminho 295:
0,0
2,1
4,0
3,2
4,4
2,3
4,2
3,4
1,3
0,1
2,0
4,1
3,3
1,4
0,2
1,0
3,1
4,3
2,2
3,0
1,1
0,3
2,4
1,2
0,4
Colisoes: 336

Caminho 296:
0,0
2,1
4,0
3,2
4,4
2,3
4,2
3,4
1,3
0,1
2,2
3,0
1,1
0,3
2,4
4,3
3,1
1,0
0,2
1,4
3,3
4,1
2,0
1,2
0,4
Colisoes: 298

Caminho 297:
0,0
2,1
4,2
3,0
1,1
0,3
2,2
3,4
1,3
0,1
2,0
4,1
3,3
1,4
0,2
1,0
3,1
4,3
2,4
1,2
0,4
2,3
4,4
3,2
4,0
Colisoes: 328

Caminho 298:
0,0
2,1
4,2
3,0
1,1
0,3
2,4
4,3
2,2
3,4
1,3
0,1
2,0
4,1
3,3
1,4
0,2
1,0
3,1
1,2
0,4
2,3
4,4
3,2
4,0
Colisoes: 314

Caminho 299:
0,0
2,1
4,2
3,0
1,1
0,3
2,4
4,3
3,1
1,0
0,2
1,4
2,2
3,4
1,3
0,1
2,0
4,1
3,3
1,2
0,4
2,3
4,4
3,2
4,0
Colisoes: 297

Caminho 300:
0,0
2,1
4,2
3,0
1,1
0,3
2,4
4,3
3,1
1,0
0,2
1,4
3,3
4,1
2,2
3,4
1,3
0,1
2,0
1,2
0,4
2,3
4,4
3,2
4,0
Colisoes: 285

Caminho 301:
0,0
2,1
4,2
3,4
1,3
0,1
2,0
4,1
2,2
3,0
1,1
0,3
2,4
4,3
3,1
1,0
0,2
1,4
3,3
1,2
0,4
2,3
4,4
3,2
4,0
Colisoes: 299

Caminho 302:
0,0
2,1
4,2
3,4
1,3
0,1
2,0
4,1
3,3
1,4
0,2
1,0
2,2
3,0
1,1
0,3
2,4
4,3
3,1
1,2
0,4
2,3
4,4
3,2
4,0
Colisoes: 319

Caminho 303:
0,0
2,1
4,2
3,4
1,3
0,1
2,0
4,1
3,3
1,4
0,2
1,0
3,1
4,3
2,2
3,0
1,1
0,3
2,4
1,2
0,4
2,3
4,4
3,2
4,0
Colisoes: 329

Caminho 304:
0,0
2,1
4,2
3,4
1,3
0,1
2,2
3,0
1,1
0,3
2,4
4,3
3,1
1,0
0,2
1,4
3,3
4,1
2,0
1,2
0,4
2,3
4,4
3,2
4,0
Colisoes: 291

